3.14159265359 3.14159265359 3.14159265359 -12.3121534353 -8.04046957204 -8.04046957204 -8.04046957204 -5.10747100156 -5.10747100156 -5.10747100156 0.425 0.425 0.425 3.075 3.075 3.11932462065 5.01330839631 5.01330839631 5.01330839631 7.45729118842 7.45729118842 7.45729118842 10.2121534353 11.725 11.725 13.7806753793 13.9691626052 13.9691626052 13.9691626052 14.375 14.375 14.375 16.3081783836 16.3081783836 16.3081783836
3.02076216691 3.02076216691 3.02076216691 -12.3039621964 -8.09063731714 -8.04770044273 -8.04770044273 -5.09326342503 -5.09326342503 -5.04645473221 0.415973267531 0.415973267531 0.432829941976 3.03598464048 3.06239796863 3.13447336749 5.00095568571 5.01466306974 5.01466306974 7.45528528727 7.45528528727 7.47112545035 10.1961893846 11.7376020314 11.7472927365 13.7900220674 13.964947877 13.9743782608 13.9743782608 14.367170058 14.3779110559 14.3779110559 16.3000630363 16.3027529266 16.3027529266
2.89993168024 2.89993168024 2.89993168024 -12.2793927806 -8.22976181937 -8.0686549269 -8.0686549269 -5.05161600665 -5.05161600665 -4.87485851116 0.389262974565 0.389262974565 0.456258115295 2.94288444191 3.02499158417 3.15679811371 4.96483803901 5.0186373491 5.0186373491 7.44939970586 7.44939970586 7.51169256256 10.1506179346 11.7750084158 11.81112007 13.8179722204 13.9523133164 13.9893907619 13.9893907619 14.3437418847 14.3870091352 14.3870091352 16.2757764126 16.2865710069 16.2865710069
2.77910119356 2.77910119356 2.77910119356 -12.2384585536 -8.43268452718 -8.1012879608 -8.1012879608 -4.98529334922 -4.98529334922 -4.61806294203 0.345975505029 0.345975505029 0.495099153963 2.80043143977 2.96394383417 3.1839274168 4.90750928929 5.0249703012 5.0249703012 7.44001901977 7.44001901977 7.5764529541 10.0809504538 11.8360561658 11.9088917753 13.8642574679 13.9312867603 14.0123157657 14.0123157657 14.304900846 14.4033787348 14.4033787348 16.2354984655 16.2599219835 16.2599219835
2.65827070688 2.65827070688 2.65827070688 -12.1811833445 -8.67470175243 -8.14267242076 -8.14267242076 -4.89844787108 -4.89844787108 -4.30114346885 0.287944936505 0.287944936505 0.5490427425 2.60982060732 2.88108036629 3.21826024969 4.83249751402 5.03325316985 5.03325316985 7.42774681705 7.42774681705 7.661901742 9.99319120783 11.9189196337 12.0314816849 13.9019111411 13.9284295948 14.0401537844 14.0401537844 14.2509572575 14.4287121009 14.4287121009 16.1795348242 16.2233094832 16.2233094832
2.53744022021 2.53744022021 2.53744022021 -12.1076038167 -8.9375985641 -8.18949709439 -8.18949709439 -4.79615840483 -4.79615840483 -3.94283910904 0.217721327858 0.217721327858 0.617651517941 2.3745569917 2.77874486012 3.26071201963 4.74362657207 5.04296383931 5.04296383931 7.41335582284 7.41335582284 7.76424632606 9.89217872532 12.0212551399 12.1703127541 13.8642392607 14.009843326 14.0692469168 14.0692469168 14.1823484821 14.4648789908 14.4648789908 16.1083255143 16.1774886015 16.1774886015
2.41660973353 2.41660973353 2.41660973353 -12.0177728763 -9.20932477606 -8.23848113741 -8.23848113741 -4.6840598059 -4.6840598059 -3.5558803926 0.138556823648 0.138556823648 0.700358056061 2.09925725125 2.65963631954 3.31149914242 4.64453255295 5.05350720066 5.05350720066 7.39772862047 7.39772862047 7.87988871625 9.78127651086 12.1403636805 12.3181283481 13.8183264499 14.0961805111 14.0961805111 14.0996419439 14.1076116236 14.5130377754 14.5130377754 16.0224574496 16.1235300121 16.1235300121
2.29577924685 2.29577924685 2.29577924685 -11.911764231 -9.48210215706 -8.28664027545 -8.28664027545 -4.5681159 -4.5681159 -3.14888763538 0.0543836617338 0.0543836617338 0.796460873099 1.78890249183 2.52665197226 3.37053706451 4.53842223121 5.06425646008 5.06425646008 7.38179605865 7.38179605865 8.00566549296 9.66269370924 12.2733480277 12.4690963285 13.764221181 14.0035391269 14.1187549366 14.1187549366 14.220534637 14.5726376578 14.5726376578 15.9226808873 16.0629274006 16.0629274006
2.17494876018 2.17494876018 2.17494876018 -11.7896782754 -9.75084641552 -8.3314165737 -8.3314165737 -4.45449990004 -4.45449990004 -2.72795633073 -0.0302345838102 -0.0302345838102 0.905119368269 1.44844186017 2.38275219074 3.4375851206 4.42800952424 5.07459167641 5.07459167641 7.36647908919 7.36647908919 8.13890939476 9.53789862098 12.4172478093 12.6187290148 13.7019539163 13.8948806317 14.1363015382 14.1363015382 14.3470236589 14.6410028378 14.6410028378 15.809929911 15.997775916 15.997775916
2.0541182735 2.0541182735 2.0541182735 -11.6516495786 -10.0121444035 -8.37071523866 -8.37071523866 -4.3494981225 -4.3494981225 -2.29768963321 -0.110215526772 -0.110215526772 1.02534764137 1.08258573545 2.23085526353 3.51229948255 4.3155475299 5.08393340492 5.08393340492 7.35263774721 7.35263774721 8.27741494769 9.40793700441 12.5691447365 12.7637700427 13.6315249039 13.7746523586 14.1492106258 14.1492106258 14.4850573136 14.7135852184 14.7135852184 15.6853466553 15.9310618916 15.9310618916
1.93328778682 1.93328778682 1.93328778682 -11.4978564036 -10.2636354392 -8.40289123893 -8.40289123893 -4.25933701811 -4.25933701811 -1.86182952754 -0.180189401008 -0.180189401008 0.695712658423 1.15600715317 2.07376274198 3.59425189382 4.20289717873 5.09177067546 5.09177067546 7.34102898986 7.34102898986 8.41936708447 9.27363821516 12.726237258 12.9020490741 13.5528924545 13.6439928468 14.1582589458 14.1582589458 14.6322045621 14.7842640439 14.7842640439 15.5503082491 15.867095003 15.867095003
1.81245730015 1.81245730015 1.81245730015 -11.3285329195 -10.503640342 -8.42671592501 -8.42671592501 -4.18984593715 -4.18984593715 -1.42364363187 -0.234906012726 -0.234906012726 0.291846966946 1.29579826812 1.91411162924 3.68293378846 4.09160072479 5.09768335451 5.09768335451 7.33227363047 7.33227363047 8.56326448907 9.13573976743 12.8858883708 13.0322881795 13.4659646486 13.5042017319 14.1641850848 14.1641850848 14.7857242172 14.845338552 14.845338552 15.4064541114 15.8119872532 15.8119872532
1.69162681347 1.69162681347 1.69162681347 -11.1439851397 -10.7309355763 -8.44134129457 -8.44134129457 -4.1459237986 -4.1459237986 -0.986170785014 -0.269831401854 -0.269831401854 -0.125320522495 1.44325084924 1.7543477299 3.77775253484 3.98294660711 5.1013592353 5.1013592353 7.32683179494 7.32683179494 8.70785103537 8.99496241971 13.0456522701 13.1538727825 13.3567491508 13.3705996559 14.167530055 14.167530055 14.8877684394 14.8877684394 14.9427179252 15.2557090629 15.7736069704 15.7736069704
1.57079632679 1.57079632679 1.57079632679 -10.944612203 -10.944612203 -8.44627088254 -8.44627088254 -4.1308895248 -4.1308895248 -0.552386156254 -0.552386156254 -0.281845749245 -0.281845749245 1.59671429275 1.59671429275 3.87802186805 3.87802186805 5.10260615032 5.10260615032 7.32498609078 7.32498609078 8.85205889974 8.85205889974 13.2032857073 13.2032857073 13.2666229147 13.2666229147 14.1686106266 14.1686106266 14.903130541 14.903130541 15.1002946767 15.1002946767 15.7596727479 15.7596727479
1.44996584012 1.44996584012 1.44996584012 -11.1439851397 -10.7309355763 -8.44134129457 -8.44134129457 -4.1459237986 -4.1459237986 -0.986170785014 -0.269831401854 -0.269831401854 -0.125320522495 1.44325084924 1.7543477299 3.77775253484 3.98294660711 5.1013592353 5.1013592353 7.32683179494 7.32683179494 8.70785103537 8.99496241971 13.0456522701 13.1538727825 13.3567491508 13.3705996559 14.167530055 14.167530055 14.8877684394 14.8877684394 14.9427179252 15.2557090629 15.7736069704 15.7736069704
1.32913535344 1.32913535344 1.32913535344 -11.3285329195 -10.503640342 -8.42671592501 -8.42671592501 -4.18984593715 -4.18984593715 -1.42364363187 -0.234906012726 -0.234906012726 0.291846966946 1.29579826812 1.91411162924 3.68293378846 4.09160072479 5.09768335451 5.09768335451 7.33227363047 7.33227363047 8.56326448907 9.13573976743 12.8858883708 13.0322881795 13.4659646486 13.5042017319 14.1641850848 14.1641850848 14.7857242172 14.845338552 14.845338552 15.4064541114 15.8119872532 15.8119872532
1.20830486677 1.20830486677 1.20830486677 -11.4978564036 -10.2636354392 -8.40289123893 -8.40289123893 -4.25933701811 -4.25933701811 -1.86182952754 -0.180189401008 -0.180189401008 0.695712658423 1.15600715317 2.07376274198 3.59425189382 4.20289717873 5.09177067546 5.09177067546 7.34102898986 7.34102898986 8.41936708447 9.27363821516 12.726237258 12.9020490741 13.5528924545 13.6439928468 14.1582589458 14.1582589458 14.6322045621 14.7842640439 14.7842640439 15.5503082491 15.867095003 15.867095003
1.08747438009 1.08747438009 1.08747438009 -11.6516495786 -10.0121444035 -8.37071523866 -8.37071523866 -4.3494981225 -4.3494981225 -2.29768963321 -0.110215526772 -0.110215526772 1.02534764137 1.08258573545 2.23085526353 3.51229948255 4.3155475299 5.08393340492 5.08393340492 7.35263774721 7.35263774721 8.27741494769 9.40793700441 12.5691447365 12.7637700427 13.6315249039 13.7746523586 14.1492106258 14.1492106258 14.4850573136 14.7135852184 14.7135852184 15.6853466553 15.9310618916 15.9310618916
0.966643893412 0.966643893412 0.966643893412 -11.7896782754 -9.75084641552 -8.3314165737 -8.3314165737 -4.45449990004 -4.45449990004 -2.72795633073 -0.0302345838102 -0.0302345838102 0.905119368269 1.44844186017 2.38275219074 3.4375851206 4.42800952424 5.07459167641 5.07459167641 7.36647908919 7.36647908919 8.13890939476 9.53789862098 12.4172478093 12.6187290148 13.7019539163 13.8948806317 14.1363015382 14.1363015382 14.3470236589 14.6410028378 14.6410028378 15.809929911 15.997775916 15.997775916
0.845813406736 0.845813406736 0.845813406736 -11.911764231 -9.48210215706 -8.28664027545 -8.28664027545 -4.5681159 -4.5681159 -3.14888763538 0.0543836617338 0.0543836617338 0.796460873099 1.78890249183 2.52665197226 3.37053706451 4.53842223121 5.06425646008 5.06425646008 7.38179605865 7.38179605865 8.00566549296 9.66269370924 12.2733480277 12.4690963285 13.764221181 14.0035391269 14.1187549366 14.1187549366 14.220534637 14.5726376578 14.5726376578 15.9226808873 16.0629274006 16.0629274006
0.724982920059 0.724982920059 0.724982920059 -12.0177728763 -9.20932477606 -8.23848113741 -8.23848113741 -4.6840598059 -4.6840598059 -3.5558803926 0.138556823648 0.138556823648 0.700358056061 2.09925725125 2.65963631954 3.31149914242 4.64453255295 5.05350720066 5.05350720066 7.39772862047 7.39772862047 7.87988871625 9.78127651086 12.1403636805 12.3181283481 13.8183264499 14.0961805111 14.0961805111 14.0996419439 14.1076116236 14.5130377754 14.5130377754 16.0224574496 16.1235300121 16.1235300121
0.604152433383 0.604152433383 0.604152433383 -12.1076038167 -8.9375985641 -8.18949709439 -8.18949709439 -4.79615840483 -4.79615840483 -3.94283910904 0.217721327858 0.217721327858 0.617651517941 2.3745569917 2.77874486012 3.26071201963 4.74362657207 5.04296383931 5.04296383931 7.41335582284 7.41335582284 7.76424632606 9.89217872532 12.0212551399 12.1703127541 13.8642392607 14.009843326 14.0692469168 14.0692469168 14.1823484821 14.4648789908 14.4648789908 16.1083255143 16.1774886015 16.1774886015
0.483321946706 0.483321946706 0.483321946706 -12.1811833445 -8.67470175243 -8.14267242076 -8.14267242076 -4.89844787108 -4.89844787108 -4.30114346885 0.287944936505 0.287944936505 0.5490427425 2.60982060732 2.88108036629 3.21826024969 4.83249751402 5.03325316985 5.03325316985 7.42774681705 7.42774681705 7.661901742 9.99319120783 11.9189196337 12.0314816849 13.9019111411 13.9284295948 14.0401537844 14.0401537844 14.2509572575 14.4287121009 14.4287121009 16.1795348242 16.2233094832 16.2233094832
0.36249146003 0.36249146003 0.36249146003 -12.2384585536 -8.43268452718 -8.1012879608 -8.1012879608 -4.98529334922 -4.98529334922 -4.61806294203 0.345975505029 0.345975505029 0.495099153963 2.80043143977 2.96394383417 3.1839274168 4.90750928929 5.0249703012 5.0249703012 7.44001901977 7.44001901977 7.5764529541 10.0809504538 11.8360561658 11.9088917753 13.8642574679 13.9312867603 14.0123157657 14.0123157657 14.304900846 14.4033787348 14.4033787348 16.2354984655 16.2599219835 16.2599219835
0.241660973353 0.241660973353 0.241660973353 -12.2793927806 -8.22976181937 -8.0686549269 -8.0686549269 -5.05161600665 -5.05161600665 -4.87485851116 0.389262974565 0.389262974565 0.456258115295 2.94288444191 3.02499158417 3.15679811371 4.96483803901 5.0186373491 5.0186373491 7.44939970586 7.44939970586 7.51169256256 10.1506179346 11.7750084158 11.81112007 13.8179722204 13.9523133164 13.9893907619 13.9893907619 14.3437418847 14.3870091352 14.3870091352 16.2757764126 16.2865710069 16.2865710069
0.120830486677 0.120830486677 0.120830486677 -12.3039621964 -8.09063731714 -8.04770044273 -8.04770044273 -5.09326342503 -5.09326342503 -5.04645473221 0.415973267531 0.415973267531 0.432829941976 3.03598464048 3.06239796863 3.13447336749 5.00095568571 5.01466306974 5.01466306974 7.45528528727 7.45528528727 7.47112545035 10.1961893846 11.7376020314 11.7472927365 13.7900220674 13.964947877 13.9743782608 13.9743782608 14.367170058 14.3779110559 14.3779110559 16.3000630363 16.3027529266 16.3027529266
0.0 0.0 0.0 -12.3121534353 -8.04046957204 -8.04046957204 -8.04046957204 -5.10747100156 -5.10747100156 -5.10747100156 0.425 0.425 0.425 3.075 3.075 3.11932462065 5.01330839631 5.01330839631 5.01330839631 7.45729118842 7.45729118842 7.45729118842 10.2121534353 11.725 11.725 13.7806753793 13.9691626052 13.9691626052 13.9691626052 14.375 14.375 14.375 16.3081783836 16.3081783836 16.3081783836
0.0 0.202683397006 0.0 -12.3063913661 -8.07598046612 -8.04556919495 -8.04556919495 -5.09745961916 -5.09745961916 -5.06432760452 0.41864385279 0.41864385279 0.430508917827 3.04639541864 3.06612828345 3.13112605952 5.00460216251 5.01426289595 5.01426289595 7.45587784952 7.45587784952 7.46703951171 10.2008799587 11.7338717166 11.740738205 13.7872517242 13.9661976531 13.972842519 13.972842519 14.3694910822 14.3770413947 14.3770413947 16.3024687433 16.3043603022 16.3043603022
0.0 0.405366794012 0.0 -12.2891072753 -8.17660116171 -8.06049839439 -8.06049839439 -5.06791230728 -5.06791230728 -4.9408459325 0.399758532549 0.399758532549 0.447005174358 2.97828567986 3.03971182666 3.14923715987 4.97895596694 5.01708178183 5.01708178183 7.45170350379 7.45170350379 7.4958143608 10.1682504876 11.7602881733 11.7863977305 13.8069362175 13.9573075843 13.9835680777 13.9835680777 14.3529948256 14.3833461545 14.3833461545 16.2853691822 16.2929526513 16.2929526513
0.0 0.608050191017 0.0 -12.2603076747 -8.32821625078 -8.08420953418 -8.08420953418 -5.02023099383 -5.02023099383 -4.75125116068 0.368892209715 0.368892209715 0.474397136967 2.87551640759 2.99633391553 3.17000451234 4.93768921432 5.02163414088 5.02163414088 7.44496100819 7.44496100819 7.54230342609 10.117274557 11.8036660845 11.8579163337 13.839595864 13.9425064011 14.000401376 14.000401376 14.325602863 14.3944545254 14.3944545254 16.25696837 16.2740972678 16.2740972678
0.0 0.810733588023 0.0 -12.2200039551 -8.51517815213 -8.11513879752 -8.11513879752 -4.95657916748 -4.95657916748 -4.51137438986 0.326954843574 0.326954843574 0.512531609184 2.7381621221 2.93692604077 3.19521581046 4.88271893374 5.02771115748 5.02771115748 7.43595842544 7.43595842544 7.60460130359 10.0515983521 11.8630739592 11.9500179978 13.8850096727 13.9218162376 14.0218136958 14.0218136958 14.2874683908 14.411242121 14.411242121 16.217416067 16.2480377217 16.2480377217
0.0 1.01341698503 0.0 -12.1682132046 -8.72440480247 -8.15141506483 -8.15141506483 -4.87968624654 -4.87968624654 -4.23455584687 0.275213629999 0.275213629999 0.561193107696 2.5676368351 2.86271333397 3.22583015565 4.81626064031 5.03503893503 5.03503893503 7.4251005773 7.4251005773 7.68050833184 9.97455075009 11.937286666 12.0573301951 13.8952655457 13.9428652687 14.0458029323 14.0458029323 14.2388068923 14.4348139658 14.4348139658 16.1669261315 16.2151312709 16.2151312709
0.0 1.21610038203 0.0 -12.1049593732 -8.9462771616 -8.19106053432 -8.19106053432 -4.79266409852 -4.79266409852 -3.93074868812 0.215287836131 0.215287836131 0.620102830907 2.36627491905 2.775149259 3.26222010342 4.74057106071 5.04329427663 5.04329427663 7.41286607797 7.41286607797 7.76778744232 9.88874115539 12.024850741 12.1749757962 13.8628865433 14.0127473991 14.0701653107 14.0701653107 14.1798971691 14.4662428688 14.4662428688 16.1057808034 16.1758682626 16.1758682626
0.0 1.41878377904 0.0 -12.0302748093 -9.17407185754 -8.23214775994 -8.23214775994 -4.69886877359 -4.69886877359 -3.60708814214 0.14914273498 0.14914273498 0.68891730106 2.13685580744 2.67584727089 3.30447866504 4.65777608165 5.05212185631 5.05212185631 7.39978201232 7.39978201232 7.86433566262 9.79605583759 12.1241527291 12.298768633 13.8247119267 14.0929193837 14.0929193837 14.0941158662 14.1110826989 14.5061481963 14.5061481963 16.0343363287 16.1309023499 16.1309023499
0.0 1.62146717605 0.0 -11.9442022054 -9.40313752831 -8.27290246194 -8.27290246194 -4.60181383688 -4.60181383688 -3.26871751567 0.0790802421309 0.0790802421309 0.76722665879 1.88232294105 2.56651597663 3.35255895183 4.5697826944 5.06115138913 5.06115138913 7.38639828623 7.38639828623 7.96827149696 9.69781572445 12.2334840234 12.4252300096 13.7807708775 14.0327733412 14.1127156479 14.1127156479 14.1862745785 14.5542737449 14.5542737449 15.9530299751 16.0810969886 16.0810969886
0.0 1.82415057305 0.0 -11.8467970045 -9.63022553503 -8.31175853421 -8.31175853421 -4.50512151209 -4.50512151209 -2.91946048948 0.00772042210792 0.00772042210793 0.854552587967 1.60561815377 2.44890232612 3.40633336388 4.47825213815 5.07001376128 5.07001376128 7.37326327947 7.37326327947 8.07796097944 9.59495323636 12.3510976739 12.5515534917 13.7310844482 13.945447412 14.1289908455 14.1289908455 14.2883387588 14.6092950725 14.6092950725 15.8623884588 16.0275966654 16.0275966654
0.0 2.02683397006 0.0 -11.7381303462 -9.85302533015 -8.34737861666 -8.34737861666 -4.4124866878 -4.4124866878 -2.56228954114 -0.0620366110592 -0.0620366110591 0.950345850775 1.30958472661 2.32474519306 3.46561909342 4.3846090027 5.07835548505 5.07835548505 7.36090191387 7.36090191387 8.19200763682 9.48815512111 12.4752548069 12.6755598634 13.6756605187 13.8496541492 14.1418086975 14.1418086975 14.3992115417 14.6689010572 14.6689010572 15.7630377131 15.9719347619 15.9719347619
0.0 2.22951736706 0.0 -11.6182926645 -10.0698587345 -8.37865358713 -8.37865358713 -4.32762432231 -4.32762432231 -2.19963638124 -0.127083823781 -0.127083823781 0.996915064066 1.05398341996 2.19573986375 3.53018908103 4.29006718301 5.08585119569 5.08585119569 7.34979673798 7.34979673798 8.30922546434 9.37796343268 12.6042601363 12.7956436333 13.6144886947 13.74601658 14.1515624828 14.1515624828 14.5175814535 14.7299605556 14.7299605556 15.6557137737 15.9161907611 15.9161907611
0.0 2.43220076407 0.0 -11.4873980989 -10.2794813344 -8.40469131295 -8.40469131295 -4.25417135016 -4.25417135016 -1.83359634694 -0.184233640825 -0.184233640825 0.670128420917 1.16476520905 2.06351266264 3.599776127 4.19566091987 5.09221415013 5.09221415013 7.34037221799 7.34037221799 8.42860667261 9.26484248645 12.7364873374 12.9107037266 13.5475358117 13.6352347909 14.158728541 14.158728541 14.641947338 14.7885855986 14.7885855986 15.5412742772 15.8631957962 15.8631957962
0.0 2.63488416108 0.0 -11.3455899526 -10.4809527272 -8.42480156272 -8.42480156272 -4.19552177347 -4.19552177347 -1.46606518724 -0.230411895109 -0.230411895109 0.331568703293 1.28191042569 1.92960422266 3.67407331981 4.10227477547 5.09720481091 5.09720481091 7.33298215224 7.33298215224 8.54929033968 9.14922222897 12.8703957773 13.0200568143 13.474743155 13.5180895743 14.1637313196 14.1637313196 14.7706688862 14.8400928467 14.8400928467 15.4207096443 15.8167241019 15.8167241019
0.0 2.83756755808 0.0 -11.193047536 -10.6735505046 -8.43848121288 -8.43848121288 -4.15459243271 -4.15459243271 -1.09883350894 -0.262917776195 -0.262917776195 -0.0165846352011 1.40455361139 1.79545964406 3.75273206383 4.01066989976 5.10063762547 5.10063762547 7.3278999927 7.3278999927 8.67053457719 9.03152675901 13.0045403559 13.1233402063 13.3954463886 13.3960271392 14.1668924919 14.1668924919 14.8791180244 14.8791180244 14.9020331421 15.2951523973 15.7814432872 15.7814432872
0.0 3.04025095509 0.0 -11.0299948932 -10.8567121396 -8.44540200901 -8.44540200901 -4.13354806475 -4.13354806475 -0.733654839939 -0.372297248768 -0.279719034762 -0.279719034762 1.53174048968 1.66242382887 3.83535814539 3.92150585105 5.10238608259 5.10238608259 7.32531182917 7.32531182917 8.79169287368 8.91219429761 13.1375761711 13.2204158336 13.2682595103 13.3112859899 14.1684218332 14.1684218332 14.9003794197 14.9003794197 15.0343238654 15.1658822649 15.7621699439 15.7621699439
0.0 3.24293435209 0.0 -11.0299948932 -10.8567121396 -8.44540200901 -8.44540200901 -4.13354806475 -4.13354806475 -0.733654839939 -0.372297248768 -0.279719034762 -0.279719034762 1.53174048968 1.66242382887 3.83535814539 3.92150585105 5.10238608259 5.10238608259 7.32531182917 7.32531182917 8.79169287368 8.91219429761 13.1375761711 13.2204158336 13.2682595103 13.3112859899 14.1684218332 14.1684218332 14.9003794197 14.9003794197 15.0343238654 15.1658822649 15.7621699439 15.7621699439
0.0 3.4456177491 0.0 -11.193047536 -10.6735505046 -8.43848121288 -8.43848121288 -4.15459243271 -4.15459243271 -1.09883350894 -0.262917776195 -0.262917776195 -0.0165846352011 1.40455361139 1.79545964406 3.75273206383 4.01066989976 5.10063762547 5.10063762547 7.3278999927 7.3278999927 8.67053457719 9.03152675901 13.0045403559 13.1233402063 13.3954463886 13.3960271392 14.1668924919 14.1668924919 14.8791180244 14.8791180244 14.9020331421 15.2951523973 15.7814432872 15.7814432872
0.0 3.6483011461 0.0 -11.3455899526 -10.4809527272 -8.42480156272 -8.42480156272 -4.19552177347 -4.19552177347 -1.46606518724 -0.230411895109 -0.230411895109 0.331568703293 1.28191042569 1.92960422266 3.67407331981 4.10227477547 5.09720481091 5.09720481091 7.33298215224 7.33298215224 8.54929033968 9.14922222897 12.8703957773 13.0200568143 13.474743155 13.5180895743 14.1637313196 14.1637313196 14.7706688862 14.8400928467 14.8400928467 15.4207096443 15.8167241019 15.8167241019
0.0 3.85098454311 0.0 -11.4873980989 -10.2794813344 -8.40469131295 -8.40469131295 -4.25417135016 -4.25417135016 -1.83359634694 -0.184233640825 -0.184233640825 0.670128420917 1.16476520905 2.06351266264 3.599776127 4.19566091987 5.09221415013 5.09221415013 7.34037221799 7.34037221799 8.42860667261 9.26484248645 12.7364873374 12.9107037266 13.5475358117 13.6352347909 14.158728541 14.158728541 14.641947338 14.7885855986 14.7885855986 15.5412742772 15.8631957962 15.8631957962
0.0 4.05366794012 0.0 -11.6182926645 -10.0698587345 -8.37865358713 -8.37865358713 -4.32762432231 -4.32762432231 -2.19963638124 -0.127083823781 -0.127083823781 0.996915064066 1.05398341996 2.19573986375 3.53018908103 4.29006718301 5.08585119569 5.08585119569 7.34979673798 7.34979673798 8.30922546434 9.37796343268 12.6042601363 12.7956436333 13.6144886947 13.74601658 14.1515624828 14.1515624828 14.5175814535 14.7299605556 14.7299605556 15.6557137737 15.9161907611 15.9161907611
0.0 4.25635133712 0.0 -11.7381303462 -9.85302533015 -8.34737861666 -8.34737861666 -4.4124866878 -4.4124866878 -2.56228954114 -0.0620366110592 -0.0620366110592 0.950345850775 1.30958472661 2.32474519306 3.46561909342 4.3846090027 5.07835548505 5.07835548505 7.36090191387 7.36090191387 8.19200763682 9.48815512111 12.4752548069 12.6755598634 13.6756605187 13.8496541492 14.1418086975 14.1418086975 14.3992115417 14.6689010572 14.6689010572 15.7630377131 15.9719347619 15.9719347619
0.0 4.45903473413 0.0 -11.8467970045 -9.63022553503 -8.31175853421 -8.31175853421 -4.50512151209 -4.50512151209 -2.91946048948 0.00772042210793 0.00772042210793 0.854552587967 1.60561815377 2.44890232612 3.40633336388 4.47825213815 5.07001376128 5.07001376128 7.37326327947 7.37326327947 8.07796097944 9.59495323636 12.3510976739 12.5515534917 13.7310844482 13.945447412 14.1289908455 14.1289908455 14.2883387588 14.6092950725 14.6092950725 15.8623884588 16.0275966654 16.0275966654
0.0 4.66171813113 0.0 -11.9442022054 -9.40313752831 -8.27290246194 -8.27290246194 -4.60181383688 -4.60181383688 -3.26871751567 0.0790802421309 0.0790802421309 0.76722665879 1.88232294105 2.56651597663 3.35255895183 4.5697826944 5.06115138913 5.06115138913 7.38639828623 7.38639828623 7.96827149696 9.69781572445 12.2334840234 12.4252300096 13.7807708775 14.0327733412 14.1127156479 14.1127156479 14.1862745785 14.5542737449 14.5542737449 15.9530299751 16.0810969886 16.0810969886
0.0 4.86440152814 0.0 -12.0302748093 -9.17407185754 -8.23214775994 -8.23214775994 -4.69886877359 -4.69886877359 -3.60708814214 0.14914273498 0.14914273498 0.68891730106 2.13685580744 2.67584727089 3.30447866504 4.65777608165 5.05212185631 5.05212185631 7.39978201232 7.39978201232 7.86433566262 9.79605583759 12.1241527291 12.298768633 13.8247119267 14.0929193837 14.0929193837 14.0941158662 14.1110826989 14.5061481963 14.5061481963 16.0343363287 16.1309023499 16.1309023499
0.0 5.06708492514 0.0 -12.1049593732 -8.9462771616 -8.19106053432 -8.19106053432 -4.79266409852 -4.79266409852 -3.93074868812 0.215287836131 0.215287836131 0.620102830907 2.36627491905 2.775149259 3.26222010342 4.74057106071 5.04329427663 5.04329427663 7.41286607797 7.41286607797 7.76778744232 9.88874115539 12.024850741 12.1749757962 13.8628865433 14.0127473991 14.0701653107 14.0701653107 14.1798971691 14.4662428688 14.4662428688 16.1057808034 16.1758682626 16.1758682626
0.0 5.26976832215 0.0 -12.1682132046 -8.72440480247 -8.15141506483 -8.15141506483 -4.87968624654 -4.87968624654 -4.23455584687 0.275213629999 0.275213629999 0.561193107696 2.5676368351 2.86271333397 3.22583015565 4.81626064031 5.03503893503 5.03503893503 7.4251005773 7.4251005773 7.68050833184 9.97455075009 11.937286666 12.0573301951 13.8952655457 13.9428652687 14.0458029323 14.0458029323 14.2388068923 14.4348139658 14.4348139658 16.1669261315 16.2151312709 16.2151312709
0.0 5.47245171916 0.0 -12.2200039551 -8.51517815213 -8.11513879752 -8.11513879752 -4.95657916748 -4.95657916748 -4.51137438986 0.326954843574 0.326954843574 0.512531609184 2.7381621221 2.93692604077 3.19521581046 4.88271893374 5.02771115748 5.02771115748 7.43595842544 7.43595842544 7.60460130359 10.0515983521 11.8630739592 11.9500179978 13.8850096727 13.9218162376 14.0218136958 14.0218136958 14.2874683908 14.411242121 14.411242121 16.217416067 16.2480377217 16.2480377217
0.0 5.67513511616 0.0 -12.2603076747 -8.32821625078 -8.08420953418 -8.08420953418 -5.02023099383 -5.02023099383 -4.75125116068 0.368892209715 0.368892209715 0.474397136967 2.87551640759 2.99633391553 3.17000451234 4.93768921432 5.02163414088 5.02163414088 7.44496100819 7.44496100819 7.54230342609 10.117274557 11.8036660845 11.8579163337 13.839595864 13.9425064011 14.000401376 14.000401376 14.325602863 14.3944545254 14.3944545254 16.25696837 16.2740972678 16.2740972678
0.0 5.87781851317 0.0 -12.2891072753 -8.17660116171 -8.06049839439 -8.06049839439 -5.06791230728 -5.06791230728 -4.9408459325 0.399758532549 0.399758532549 0.447005174358 2.97828567986 3.03971182666 3.14923715987 4.97895596694 5.01708178183 5.01708178183 7.45170350379 7.45170350379 7.4958143608 10.1682504876 11.7602881733 11.7863977305 13.8069362175 13.9573075843 13.9835680777 13.9835680777 14.3529948256 14.3833461545 14.3833461545 16.2853691822 16.2929526513 16.2929526513
0.0 6.08050191017 0.0 -12.3063913661 -8.07598046612 -8.04556919495 -8.04556919495 -5.09745961916 -5.09745961916 -5.06432760452 0.41864385279 0.41864385279 0.430508917827 3.04639541864 3.06612828345 3.13112605952 5.00460216251 5.01426289595 5.01426289595 7.45587784952 7.45587784952 7.46703951171 10.2008799587 11.7338717166 11.740738205 13.7872517242 13.9661976531 13.972842519 13.972842519 14.3694910822 14.3770413947 14.3770413947 16.3024687433 16.3043603022 16.3043603022
0.0 6.28318530718 0.0 -12.3121534353 -8.04046957204 -8.04046957204 -8.04046957204 -5.10747100156 -5.10747100156 -5.10747100156 0.425 0.425 0.425 3.075 3.075 3.11932462065 5.01330839631 5.01330839631 5.01330839631 7.45729118842 7.45729118842 7.45729118842 10.2121534353 11.725 11.725 13.7806753793 13.9691626052 13.9691626052 13.9691626052 14.375 14.375 14.375 16.3081783836 16.3081783836 16.3081783836
0.142799666072 6.28318530718 0.142799666072 -12.3092931909 -8.05823098395 -8.04300880444 -8.04300880444 -5.10249121488 -5.10249121488 -5.08592017438 0.421841090468 0.421841090468 0.427735175282 3.05975239286 3.0705920481 3.12622275278 5.0089766571 5.0137831316 5.0137831316 7.45658825081 7.45658825081 7.46214015467 10.2065310201 11.7294079519 11.7328463215 13.7839407036 13.967690749 13.9709958063 13.9709958063 14.3722648247 14.376009558 14.376009558 16.3053435976 16.3062821822 16.3062821822
0.285599332145 6.28318530718 0.285599332145 -12.300712976 -8.10996563992 -8.05053407546 -8.05053407546 -5.08767309233 -5.08767309233 -5.02282627063 0.412409508193 0.412409508193 0.435933189683 3.02270251433 3.05741742031 3.1383262816 4.99610004131 5.01519628329 5.01519628329 7.45449570653 7.45449570653 7.47656904044 10.1899708271 11.7425825797 11.7559876687 13.7937256843 13.9632763672 13.9764179521 13.9764179521 14.3640668103 14.3790827009 14.3790827009 16.2968464616 16.3006050168 16.3006050168
0.428398998217 6.28318530718 0.428398998217 -12.2864143651 -8.19156332999 -8.06277599695 -8.06277599695 -5.0633727994 -5.0633727994 -4.92232651495 0.396840540724 0.396840540724 0.449571491573 2.96836162958 3.03562220365 3.1514251083 4.975021556 5.0175150528 5.0175150528 7.45106184514 7.45106184514 7.5002365981 10.1633146796 11.7643777963 11.7933155023 13.8099974453 13.9559229771 13.9851969546 13.9851969546 14.3504285084 14.3843529525 14.3843529525 16.2827087137 16.2911814506 16.2911814506
0.571198664289 6.28318530718 0.571198664289 -12.2664000479 -8.29758327742 -8.07931036583 -8.07931036583 -5.03016030599 -5.03016030599 -4.78990677783 0.375359184042 0.375359184042 0.468612437077 2.89679441238 3.00544468091 3.16594022598 4.94627339145 5.02068596503 5.02068596503 7.44636545968 7.44636545968 7.53261354521 10.1277429662 11.7945553191 11.8432210091 13.8327014342 13.9456362939 13.9969480633 13.9969480633 14.3313875629 14.3920420691 14.3920420691 16.2629668247 16.2780699306 16.2780699306
0.713998330361 6.28318530718 0.713998330361 -12.2406739283 -8.42244745526 -8.09959050987 -8.09959050987 -4.98878872116 -4.98878872116 -4.63120836478 0.348279486901 0.348279486901 0.493003202726 2.80797089877 2.9672079631 3.18254928871 4.91052745031 5.02463657061 5.02463657061 7.44051341656 7.44051341656 7.57303199874 10.0845520351 11.8327920369 11.903840227 13.8617614786 13.9324240098 14.0111409958 14.0111409958 14.3069967973 14.4024546446 14.4024546446 16.2376723612 16.2613541166 16.2613541166
0.856797996434 6.28318530718 0.856797996434 -12.2092412638 -8.56117348581 -8.1229845212 -8.1229845212 -4.94015935011 -4.94015935011 -4.45129526855 0.316003750817 0.316003750817 0.522675661971 2.70224575443 2.92131046515 3.20167935708 4.86854160465 5.02927767687 5.02927767687 7.43363745014 7.43363745014 7.62073916639 10.0349799365 11.8786895348 11.9732568981 13.8970793177 13.9162954837 14.027118097 14.027118097 14.277324338 14.4159620107 14.4159620107 16.2068924996 16.2411448858 16.2411448858
0.999597662506 6.28318530718 0.999597662506 -12.1721088473 -8.70964656806 -8.14881226475 -8.14881226475 -4.8852875004 -4.8852875004 -4.25438244296 0.279021656554 0.279021656554 0.557546224395 2.58027278252 2.86821488498 3.22356157104 4.82111023185 5.03450597782 5.03450597782 7.42589035334 7.42589035334 7.67494674423 9.98010763101 11.931785115 12.0496336527 13.8972613406 13.9385332101 14.0441306716 14.0441306716 14.2424537756 14.4329679323 14.4329679323 16.1707106943 16.2175831736 16.2175831736
1.14239732858 6.28318530718 1.14239732858 -12.1292852326 -8.86461008691 -8.1763783052 -8.1763783052 -4.82527274784 -4.82527274784 -4.04384544933 0.237909343191 0.237909343191 0.597515636158 2.44289562653 2.80843637965 3.24830935287 4.76902431581 5.04020694389 5.04020694389 7.41744175328 7.41744175328 7.73487073378 9.92082533539 11.9915636203 12.1312796209 13.8753329805 13.9859752969 14.0613982495 14.0613982495 14.2024843638 14.4538508739 14.4538508739 16.1292275061 16.1908438893 16.1908438893
1.28519699465 6.28318530718 1.28519699465 -12.0807810055 -9.02353835615 -8.20499857201 -8.20499857201 -4.7612756048 -4.7612756048 -3.8223480296 0.19332837527 0.19332837527 0.64246874001 2.29106957054 2.74253059374 3.27596735312 4.71304296715 5.04625783639 5.04625783639 7.40847366164 7.40847366164 7.79975982496 9.85784005064 12.0574694063 12.21667644 13.8505219968 14.0392275912 14.0781870025 14.0781870025 14.15753126 14.4788860561 14.4788860561 16.0825615968 16.161141245 16.161141245
1.42799666072 6.28318530718 1.42799666072 -12.0266091048 -9.18448525813 -8.23402012123 -8.23402012123 -4.6945008625 -4.6945008625 -3.59199385002 0.146024389525 0.146024389525 0.692274192991 2.12580852081 2.67108210074 3.30653855598 4.65387568506 5.0525307265 5.0525307265 7.39917597538 7.39917597538 7.86891302186 9.79170264851 12.1289178993 12.3044826212 13.822839508 14.0938905062 14.0938905062 14.0980767583 14.107725807 14.5081634112 14.5081634112 16.0308508933 16.128735975 16.128735975
1.57079632679 6.28318530718 1.57079632679 -11.9667851966 -9.34594856799 -8.26283445233 -8.26283445233 -4.62618659682 -4.62618659682 -3.35446263622 0.0968250097408 0.0968250097408 0.746784139883 1.94814856538 2.59469369148 3.33999900196 4.59217334399 5.05889542128 5.05889542128 7.38974207916 7.38974207916 7.94168852811 9.72284038001 12.2053063085 12.3935290493 13.7922954062 14.0532158601 14.1080874997 14.1080874997 14.1622681999 14.5415259396 14.5415259396 15.9742539259 16.0939450997 16.0939450997
1.5231964381 6.09278575242 1.5231964381 -12.0633527331 -9.07704518433 -8.21465889533 -8.21465889533 -4.73926544402 -4.73926544402 -3.74645688403 0.177823728397 0.177823728397 0.658538366123 2.23742434013 2.71930079593 3.28583479151 4.69364113622 5.04833054338 5.04833054338 7.40540153516 7.40540153516 7.82237005945 9.83612115352 12.0806992041 12.2457386768 13.8416130353 14.0582337711 14.0835670502 14.0835670502 14.1414616339 14.4881760894 14.4881760894 16.0658778374 16.1506253928 16.1506253928
1.47559654941 5.90238619765 1.47559654941 -12.1441915179 -8.81240368346 -8.16703918745 -8.16703918745 -4.84577850629 -4.84577850629 -4.11536085635 0.252033268505 0.252033268505 0.583632738417 2.49034224986 2.82907149966 3.23973789043 4.78685570809 5.03826154443 5.03826154443 7.42032486812 7.42032486812 7.71430819903 9.94102894023 11.9709285003 12.1035762103 13.8829632949 13.9695062271 14.0556612448 14.0556612448 14.2163672616 14.4464390646 14.4464390646 16.1436373378 16.2000977033 16.2000977033
1.42799666072 5.71198664289 1.42799666072 -12.2092412638 -8.56117348581 -8.1229845212 -8.1229845212 -4.94015935011 -4.94015935011 -4.45129526855 0.316003750817 0.316003750817 0.522675661971 2.70224575443 2.92131046515 3.20167935708 4.86854160465 5.02927767687 5.02927767687 7.43363745014 7.43363745014 7.62073916639 10.0349799365 11.8786895348 11.9732568981 13.8970793177 13.9162954837 14.027118097 14.027118097 14.277324338 14.4159620107 14.4159620107 16.2068924996 16.2411448858 16.2411448858
1.38039677203 5.52158708813 1.38039677203 -12.2584590892 -8.33737342434 -8.08568403377 -8.08568403377 -5.01723454319 -5.01723454319 -4.73966095064 0.366936597128 0.366936597128 0.476151315846 2.86909394781 2.99357634822 3.17121777748 4.93509944421 5.02192028486 5.02192028486 7.44453715695 7.44453715695 7.54522879699 10.1141289576 11.8064236518 11.8623321298 13.8416862766 13.9415568346 14.0014378401 14.0014378401 14.3238486842 14.3951931203 14.3951931203 16.2551492992 16.2728935776 16.2728935776
1.33279688334 5.33118753336 1.33279688334 -12.2918158039 -8.16136912739 -8.05819460694 -8.05819460694 -5.07249538031 -5.07249538031 -4.95965708636 0.402700079035 0.402700079035 0.444422926905 2.98837808891 3.0438322369 3.14694023495 4.98292957356 5.0166443971 5.0166443971 7.45235124167 7.45235124167 7.49135019996 10.1732533994 11.7561677631 11.7793883856 13.8038556951 13.958700354 13.9819182903 13.9819182903 14.3555770731 14.3823401774 14.3823401774 16.2880460862 16.2947358017 16.2947358017
1.28519699465 5.1407879786 1.28519699465 -12.3092931909 -8.05823098395 -8.04300880444 -8.04300880444 -5.10249121488 -5.10249121488 -5.08592017438 0.421841090468 0.421841090468 0.427735175282 3.05975239286 3.0705920481 3.12622275278 5.0089766571 5.0137831316 5.0137831316 7.45658825081 7.45658825081 7.46214015467 10.2065310201 11.7294079519 11.7328463215 13.7839407036 13.967690749 13.9709958063 13.9709958063 14.3722648247 14.376009558 14.376009558 16.3053435976 16.3062821822 16.3062821822
1.23759710596 4.95038842384 1.23759710596 -12.3108822049 -8.04839691484 -8.04160004139 -8.04160004139 -5.10525524943 -5.10525524943 -5.0978592891 0.423595110894 0.423595110894 0.426215787973 3.06781814654 3.0730398934 3.12279348344 5.01138070602 5.01351961813 5.01351961813 7.45697843569 7.45697843569 7.45944874525 10.2096480541 11.7269601066 11.7284956598 13.782126861 13.9685084224 13.9699789553 13.9699789553 14.373784212 14.3754477781 14.3754477781 16.3069183303 16.3073353927 16.3073353927
1.18999721727 4.75998886908 1.18999721727 -12.2965820406 -8.13410100302 -8.05410868387 -8.05410868387 -5.08060255781 -5.08060255781 -4.99322645583 0.407892513502 0.407892513502 0.439876361655 3.0064886882 3.05110026111 3.14258301556 4.98996237559 5.01587081138 5.01587081138 7.45349683825 7.45349683825 7.48345440976 10.1821536762 11.7488997389 11.7669255595 13.7984311011 13.9611515549 13.9789871976 13.9789871976 14.3601236383 14.3805861708 14.3805861708 16.2927591186 16.2978777101 16.2978777101
1.14239732858 4.56958931431 1.14239732858 -12.2664000479 -8.29758327742 -8.07931036583 -8.07931036583 -5.03016030599 -5.03016030599 -4.78990677783 0.375359184042 0.375359184042 0.468612437077 2.89679441238 3.00544468091 3.16594022598 4.94627339145 5.02068596503 5.02068596503 7.44636545968 7.44636545968 7.53261354521 10.1277429662 11.7945553191 11.8432210091 13.8327014342 13.9456362939 13.9969480633 13.9969480633 14.3313875629 14.3920420691 14.3920420691 16.2629668247 16.2780699306 16.2780699306
1.09479743989 4.37918975955 1.09479743989 -12.2203524937 -8.51366378908 -8.11488190871 -8.11488190871 -4.95711488221 -4.95711488221 -4.51334517007 0.327311228023 0.327311228023 0.512202827073 2.73932989547 2.93743346216 3.19500524097 4.88318143905 5.02766003658 5.02766003658 7.43603416483 7.43603416483 7.60407533497 10.0521424336 11.8625665378 11.9492565208 13.8846184028 13.9219950511 14.0216390479 14.0216390479 14.2877971729 14.4110909036 14.4110909036 16.217757134 16.24826141 16.24826141
1.0471975512 4.18879020479 1.0471975512 -12.1584661864 -8.76071821063 -8.15784203499 -8.15784203499 -4.86579777375 -4.86579777375 -4.18557252464 0.265745542198 0.265745542198 0.570308179854 2.53614649976 2.84900454386 3.23148914585 4.80422707573 5.03635970295 5.03635970295 7.42314332139 7.42314332139 7.69432423668 9.96079839387 11.9509954561 12.0763421389 13.8902728923 13.953690008 14.0498962094 14.0498962094 14.2296918201 14.4394816 14.4394816 16.1574665305 16.2090134329 16.2090134329
0.999597662506 3.99839065002 0.999597662506 -12.0807810055 -9.02353835615 -8.20499857201 -8.20499857201 -4.7612756048 -4.7612756048 -3.8223480296 0.19332837527 0.19332837527 0.64246874001 2.29106957054 2.74253059374 3.27596735312 4.71304296715 5.04625783639 5.04625783639 7.40847366164 7.40847366164 7.79975982496 9.85784005064 12.0574694063 12.21667644 13.8505219968 14.0392275912 14.0781870025 14.0781870025 14.15753126 14.4788860561 14.4788860561 16.0825615968 16.161141245 16.161141245
0.951997773815 3.80799109526 0.951997773815 -11.9873534082 -9.29214801779 -8.25328816245 -8.25328816245 -4.64905151495 -4.64905151495 -3.43434743026 0.11338103245 0.11338103245 0.728101253352 2.00868215995 2.62066771249 3.3285268086 4.61298481232 5.05677170096 5.05677170096 7.39288989276 7.39288989276 7.91706461933 9.74607499394 12.1793322875 12.3637743854 13.8027941947 14.0718987466 14.1035401622 14.1035401622 14.1402950604 14.5299720193 14.5299720193 15.9936518217 16.1057848697 16.1057848697
0.904397885124 3.6175915405 0.904397885124 -11.8782610306 -9.56005642404 -8.29997808516 -8.29997808516 -4.53489415013 -4.53489415013 -3.02891518249 0.029854197723 0.0298541977231 0.826494950789 1.69376409879 2.48621516873 3.38903114898 4.50697046294 5.06730071391 5.06730071391 7.3772841372 7.3772841372 8.04336338551 9.62735281749 12.3137848313 12.5124746791 13.7471316928 13.9735050492 14.1243180924 14.1243180924 14.2556382863 14.5915886246 14.5915886246 15.8915060653 16.0445264695 16.0445264695
0.856797996434 3.42719198573 0.856797996434 -11.7536085666 -9.8229626495 -8.34275477108 -8.34275477108 -4.4247436463 -4.4247436463 -2.61136749494 -0.052730789506 -0.052730789506 0.936806544799 1.3509908365 2.3419983827 3.45721802568 4.39745650872 5.07726089591 5.07726089591 7.36252380724 7.36252380724 8.17624463145 9.5029293733 12.4580016173 12.6588506625 13.6835563371 13.8631934552 14.1402517251 14.1402517251 14.3836196687 14.6606097195 14.6606097195 15.7770726672 15.9795830592 15.9795830592
0.809198107743 3.23679243097 0.809198107743 -11.6135352099 -10.0779371179 -8.37974025363 -8.37974025363 -4.3246117086 -4.3246117086 -2.18582051594 -0.129412516602 -0.129412516602 0.984778710374 1.05805418571 2.19077997311 3.53273534398 4.28648271468 5.08611452344 5.08611452344 7.34940666085 7.34940666085 8.31371390254 9.37372915174 12.6092200269 12.8000989924 13.6120582324 13.7419458143 14.1518781379 14.1518781379 14.5221930115 14.7322525687 14.7322525687 15.6515027842 15.914112588 15.914112588
0.761598219052 3.04639287621 0.761598219052 -11.4582240944 -10.3229260519 -8.40947215928 -8.40947215928 -4.24038605718 -4.24038605718 -1.75569827097 -0.195044596605 -0.195044596605 0.599220557345 1.18911036318 2.03519805405 3.61515366416 4.1757390923 5.09339456647 5.09339456647 7.33862412362 7.33862412362 8.45412407476 9.2405115726 12.7648019459 12.9343931524 13.532585402 13.6108896368 14.1599579561 14.1599579561 14.6689451479 14.8002792556 14.8002792556 15.5161757537 15.8526469113 15.8526469113
0.713998330361 2.85599332145 0.713998330361 -11.2879144073 -10.5564512735 -8.43087092517 -8.43087092517 -4.17746939574 -4.17746939574 -1.32404844231 -0.244720979482 -0.244720979482 0.198077764675 1.32869381452 1.87772771387 3.70396769982 4.06663265204 5.09872407649 5.09872407649 7.33073281968 7.33073281968 8.59610555173 9.10397146531 12.9222722861 13.0606928491 13.4450376153 13.4713061855 14.1651570544 14.1651570544 14.8212046284 14.8569555706 14.8569555706 15.3727238968 15.8014917792 15.8014917792
0.666398441671 2.66559376668 0.666398441671 -11.1029172144 -10.7774249639 -8.44320763457 -8.44320763457 -4.14024579443 -4.14024579443 -0.893746859651 -0.274365322283 -0.274365322283 -0.215193343611 1.47536063474 1.72066039124 3.79859140047 3.96034474161 5.10183084621 5.10183084621 7.32613369339 7.32613369339 8.73850534942 8.9648007458 13.0793396088 13.1785281739 13.3246393653 13.3492696942 14.167941866 14.167941866 14.893515132 14.893515132 14.9761902378 15.2230520384 15.7683972137 15.7683972137
0.61879855298 2.47519421192 0.61879855298 -10.985032336 -10.9036366279 -8.44607912384 -8.44607912384 -4.13147657982 -4.13147657982 -0.637394425272 -0.467638097003 -0.281376050249 -0.281376050249 1.56609598755 1.62749500013 3.85787687488 3.89834788056 5.10255757111 5.10255757111 7.32505799608 7.32505799608 8.82372996671 8.88033690694 13.1725049999 13.2339040125 13.2451124822 13.2877926753 14.168569021 14.168569021 14.9025217244 14.9025217244 15.069344169 15.1311605306 15.7602254413 15.7602254413
0.571198664289 2.28479465716 0.571198664289 -11.1786551073 -10.6905988984 -8.43939327439 -8.43939327439 -4.15183232927 -4.15183232927 -1.06552428567 -0.265117988555 -0.265117988555 -0.048639322048 1.41594335621 1.78330024979 3.76008589351 4.0024540124 5.10086759595 5.10086759595 7.32755956317 7.32755956317 8.68156158606 9.02073922209 13.0166997502 13.1324225276 13.3840566438 13.3885739829 14.1670966638 14.1670966638 14.8818565464 14.8818565464 14.9140467861 15.2835336027 15.778963223 15.778963223
0.523598775598 2.09439510239 0.523598775598 -11.3578200293 -10.4644935915 -8.42336556734 -8.42336556734 -4.19976845671 -4.19976845671 -1.49670563626 -0.227052262805 -0.227052262805 0.36017747506 1.27192582023 1.94079155489 3.66771020395 4.1099986922 5.0968462429 5.0968462429 7.33351305199 7.33351305199 8.53920241424 9.15894240747 12.8592084451 13.0111726217 13.4810341474 13.5280741798 14.1633884528 14.1633884528 14.7598173211 14.8362004824 14.8362004824 15.430963974 15.8202380567 15.8202380567
0.475998886908 1.90399554763 0.475998886908 -11.5221631832 -10.2262336844 -8.39852709471 -8.39852709471 -4.27180539895 -4.27180539895 -1.92809547997 -0.17044332938 -0.17044332938 0.755517376127 1.13558932402 2.09779207475 3.58138882286 4.21991325396 5.090697714 5.090697714 7.34261806517 7.34261806517 8.39770020853 9.29423561749 12.7022079253 12.8815917043 13.565336813 13.664410676 14.1571049864 14.1571049864 14.6094296623 14.7739639097 14.7739639097 15.5713788889 15.8763911478 15.8763911478
0.428398998217 1.71359599287 0.428398998217 -11.67140445 -9.97704602873 -8.36574354315 -8.36574354315 -4.36307933875 -4.36307933875 -2.35676891903 -0.0997775354501 -0.0997775354501 1.00831161166 1.13380674362 2.25193535915 3.5016745681 4.33093222853 5.08273758099 5.08273758099 7.35440933563 7.35440933563 8.25828798313 9.42593155701 12.5480646408 12.7443517235 13.6416104866 13.7916883883 14.1476957672 14.1476957672 14.4656398578 14.703647289 14.703647289 15.7029842495 15.9401104446 15.9401104446
0.380799109526 1.5231964381 0.380799109526 -11.8053287263 -9.71861171408 -8.32624350034 -8.32624350034 -4.46793825168 -4.46793825168 -2.77955715647 -0.0201197457916 -0.0201197457916 0.891311416379 1.49115324064 2.40067775379 3.42904210614 4.44154291026 5.07338084215 5.07338084215 7.36827340494 7.36827340494 8.12243844422 9.55331862785 12.3993222462 12.6007822699 13.7099358132 13.9086885836 14.1344354136 14.1344354136 14.3310324818 14.6323857211 14.6323857211 15.8242517029 16.005826116 16.005826116
0.333199220835 1.33279688334 0.333199220835 -11.9237717395 -9.45329013239 -8.28165196396 -8.28165196396 -4.58041184469 -4.58041184469 -3.19280570229 0.0634168189133 0.0634168189133 0.78565706625 1.82333111564 2.54132553521 3.36389057485 4.54992372852 5.06312540711 5.06312540711 7.3834724489 7.3834724489 7.99192896449 9.67558643409 12.2586744648 12.4530800573 13.7703468708 14.0143429337 14.1165986138 14.1165986138 14.2078835577 14.565837172 14.565837172 15.9338962709 16.0696133479 16.0696133479
0.285599332145 1.14239732858 0.285599332145 -12.0266091048 -9.18448525813 -8.23402012123 -8.23402012123 -4.6945008625 -4.6945008625 -3.59199385002 0.146024389525 0.146024389525 0.692274192991 2.12580852081 2.67108210074 3.30653855598 4.65387568506 5.0525307265 5.0525307265 7.39917597538 7.39917597538 7.86891302186 9.79170264851 12.1289178993 12.3044826212 13.822839508 14.0938905062 14.0938905062 14.0980767583 14.107725807 14.5081634112 14.5081634112 16.0308508933 16.128735975 16.128735975
0.237999443454 0.951997773815 0.237999443454 -12.1137477489 -8.91725226933 -8.18583429606 -8.18583429606 -4.80432414331 -4.80432414331 -3.9711168057 0.223399319127 0.223399319127 0.611952410633 2.39384310444 2.78712021352 3.25720450335 4.75076051536 5.04219126669 5.04219126669 7.41450085238 7.41450085238 7.75598452301 9.90021157693 12.0128797865 12.1593983286 13.8673823784 14.0030902355 14.0670809772 14.0670809772 14.1880475894 14.4617255911 14.4617255911 16.1142416582 16.1812604329 16.1812604329
0.190399554763 0.761598219052 0.190399554763 -12.1851191363 -8.65929005269 -8.13997553753 -8.13997553753 -4.9042052992 -4.9042052992 -4.32168444005 0.29183815428 0.29183815428 0.545350938598 2.62268659692 2.8866823461 3.21595293586 4.83747649051 5.03270483861 5.03270483861 7.4285593385 7.4285593385 7.6562041279 9.99892839662 11.9133176539 12.0235091931 13.9039282076 13.9240420138 14.0383930879 14.0383930879 14.2546490614 14.4268858881 14.4268858881 16.1833656668 16.2257995293 16.2257995293
0.142799666072 0.571198664289 0.142799666072 -12.2406739283 -8.42244745526 -8.09959050987 -8.09959050987 -4.98878872116 -4.98878872116 -4.63120836478 0.348279486901 0.348279486901 0.493003202726 2.80797089877 2.9672079631 3.18254928871 4.91052745031 5.02463657061 5.02463657061 7.44051341656 7.44051341656 7.57303199874 10.0845520351 11.8327920369 11.903840227 13.8617614786 13.9324240098 14.0111409958 14.0111409958 14.3069967973 14.4024546446 14.4024546446 16.2376723612 16.2613541166 16.2613541166
0.0951997773815 0.380799109526 0.0951997773815 -12.2803778379 -8.22447167237 -8.0678353387 -8.0678353387 -5.05325846217 -5.05325846217 -4.88144857368 0.390323337181 0.390323337181 0.455320474873 2.94642921106 3.02648010256 3.15606793011 4.96626019771 5.01848054777 5.01848054777 7.44963193626 7.44963193626 7.51009185117 10.1523844481 11.7735198974 11.8086421837 13.8168540649 13.9528196624 13.9888070621 13.9888070621 14.3446795251 14.3866337974 14.3866337974 16.2767485348 16.2872171201 16.2872171201
0.0475998886908 0.190399554763 0.0475998886908 -12.3042085249 -8.08915922791 -8.04748482463 -8.04748482463 -5.09368828227 -5.09368828227 -5.04825889472 0.416243832613 0.416243832613 0.432594618276 3.03701799578 3.06277597457 3.13415573099 5.00132481563 5.01462255025 5.01462255025 7.45534528754 7.45534528754 7.47071175332 10.1966633946 11.7372240254 11.7466302044 13.7897411992 13.9650746048 13.9742229522 13.9742229522 14.3674053817 14.3778226236 14.3778226236 16.3003069489 16.3029158607 16.3029158607
