0.0 0.0 0.0 -11.4 2.0375 2.0375 3.425 11.375 11.4 12.7625 12.7625
0.0682954924693 -0.0394304209616 0.0 -11.3978973769 2.02867229981 2.03364928177 3.42705978756 11.3729402124 11.403901368 12.7653237091 12.7663507182
0.136590984939 -0.0788608419232 0.0 -11.3915893766 2.00228185719 2.02213157933 3.43323594651 11.3667640535 11.4154670896 12.7738404298 12.7778684207
0.204886477408 -0.118291262885 0.0 -11.3810756177 1.95860238304 2.00304943198 3.44351886069 11.3564811393 11.4342888035 12.7881844312 12.796950568
0.273181969877 -0.157721683846 0.0 -11.3663555028 1.89807632404 1.97657106175 3.45789248619 11.3421075138 11.4597085099 12.8085706689 12.8234289383
0.341477462347 -0.197152104808 0.0 -11.3474282766 1.82129581463 1.94292651957 3.47633432546 11.3236656745 11.49085237 12.8352800921 12.8570734804
0.409772954816 -0.23658252577 0.0 -11.324293108 1.72897882316 1.90240259603 3.49881538955 11.3011846105 11.526677599 12.8686366858 12.897597404
0.478068447285 -0.276012946731 0.0 -11.296949196 1.62194268399 1.8553367645 3.52530014759 11.2746998524 11.5660313597 12.9089751523 12.9446632355
0.546363939755 -0.315443367693 0.0 -11.2653959021 1.50107713995 1.80211045437 3.55574646148 11.2442535385 11.6077190604 12.9565997017 12.9978895456
0.614659432224 -0.354873788655 0.0 -11.2296329095 1.36731869126 1.74314195624 3.5901055036 11.2098944964 11.6505771462 13.0117370721 13.0568580438
0.682954924693 -0.394304209616 0.0 -11.1896604107 1.22162756774 1.67887924266 3.62832165489 11.1716783451 11.6935428979 13.074489945 13.1211207573
0.751250417163 -0.433734630578 0.0 -11.1454793262 1.06496812359 1.60979295314 3.67033237954 11.1296676205 11.7357121955 13.1447990071 13.1902070469
0.819545909632 -0.473165051539 0.0 -11.0970915573 0.898292984306 1.5363697452 3.71606807226 11.0839319277 11.7763770416 13.2224215314 13.2636302548
0.887841402101 -0.512595472501 0.0 -11.0445002762 0.722530904206 1.45910616265 3.76545187279 11.0345481272 11.8150383645 13.3069310074 13.3408938373
0.956136894571 -0.552025893463 0.0 -10.9877102584 0.538578038907 1.37850312077 3.8183994413 10.9816005587 11.8513950747 13.3977371449 13.4214968792
1.02443238704 -0.591456314424 0.0 -10.9267282635 0.347292191042 1.2950610621 3.87481868706 10.9251813129 11.8853152867 13.4941207857 13.5049389379
1.09272787951 -0.630886735386 0.0 -10.8615634711 0.149489530255 1.20927579685 3.93460944085 10.8653905592 11.9167981286 13.5907242031 13.5952758122
1.16102337198 -0.670317156347 0.0 -10.7922279828 -0.0540567059882 1.12163501094 3.99766305998 10.80233694 11.9459341727 13.6783649891 13.700350516
1.22931886445 -0.709747577309 0.0 -10.7187374019 -0.262615978894 1.03261540167 4.06386195183 10.7361380482 11.9728702051 13.7673845983 13.8084831756
1.29761435692 -0.749177998271 0.0 -10.6411115065 -0.475499064006 0.942680386093 4.1330789992 10.6669210008 11.9977812027 13.8573196139 13.9188293678
1.36590984939 -0.788608419232 0.0 -10.5593750373 -0.692055823907 0.852278318477 4.20517686692 10.5948231331 12.0208500629 13.9477216815 14.0305807983
1.43420534186 -0.828038840194 0.0 -10.4735586258 -0.911672372461 0.761841150172 4.28000716455 10.5199928355 12.0422542211 14.0381588498 14.1429767772
1.50250083433 -0.867469261155 0.0 -10.3836998985 -1.13376779664 0.671783465832 4.35740943473 10.4425905653 12.0621576972 14.1282165342 14.2553099979
1.57079632679 -0.906899682117 0.0 -10.289844802 -1.35779053977 0.582501833517 4.43720992981 10.3627900702 12.0807070646 14.2174981665 14.3669282772
1.63909181926 -0.946330103079 0.0 -10.1920492094 -1.58321449347 0.494374411442 4.51922013126 10.2807798687 12.0980300497 14.3056255886 14.4772336532
1.70738731173 -0.98576052404 0.0 -10.0903808883 -1.80953479253 0.407760760353 4.60323495683 10.1967650432 12.1142357772 14.3922392396 14.5856799036
1.7756828042 -1.025190945 0.0 -9.98492193637 -2.03626325419 0.323001817061 4.68903058882 10.1109694112 12.1294159571 14.4769981829 14.6917692335
1.84397829667 -1.06462136596 0.0 -9.87577183154 -2.26292334643 0.240419991099 4.77636184382 10.0236381562 12.1436465477 14.5595800089 14.7950486303
1.91227378914 -1.10405178693 0.0 -9.76305129175 -2.48904450353 0.160319352558 4.86495898977 9.93504101023 12.1569895948 14.6396806474 14.8951062005
1.98056928161 -1.14348220789 0.0 -9.64690721703 -2.71415552322 0.0829858846577 4.95452390186 9.84547609814 12.1694950716 14.7170141153 14.9915676687
2.04886477408 -1.18291262885 0.0 -9.5275190886 -2.93777666886 0.00868777952509 5.04472543585 9.75527456415 12.1812026187 14.7913122205 15.0840931388
2.11716026655 -1.22234304981 0.0 -9.40510734902 -3.15940994662 -0.0623242401101 5.13519389111 9.66480610889 12.1921431364 14.8623242401 15.1723741593
2.18545575902 -1.26177347077 0.0 -9.27994449961 -3.37852681281 -0.129816586975 5.22551444292 9.57448555708 12.2023402103 14.929816587 15.2561311021
2.25375125149 -1.30120389173 0.0 -9.15236995477 -3.59455226148 -0.193572473701 5.31521945736 9.48478054264 12.2118113704 14.9935724737 15.3351108459
2.32204674396 -1.34063431269 0.0 -9.02281012383 -3.80684381042 -0.2533915838 5.40377968357 9.39622031643 12.2205691908 15.0533915838 15.4090847434
2.39034223643 -1.38006473366 0.0 -8.89180579346 -4.01466330166 -0.309089755246 5.49059447972 9.30940552028 12.2286222461 15.1090897552 15.477846849
2.4586377289 -1.41949515462 0.0 -8.7600496945 -4.21713862152 -0.360498681138 5.57498151762 9.22501848238 12.2359759359 15.1604986811 15.5412123801
2.52693322137 -1.45892557558 0.0 -8.62843814304 -4.41321144049 -0.40746563058 5.6561668869 9.1438331131 12.2426331952 15.2074656306 15.5990163883
2.59522871384 -1.49835599654 0.0 -8.49814165802 -4.6015660609 -0.449853191936 5.73327724814 9.06672275186 12.2485951021 15.2498531919 15.6511126168
2.6635242063 -1.5377864175 0.0 -8.37069980508 -4.78053411437 -0.487539039832 5.8053366958 8.9946633042 12.2538613961 15.2875390398 15.6973725234
2.73181969877 -1.57721683846 0.0 -8.24814334724 -4.94797202047 -0.520415726707 5.87127221678 8.92872778322 12.258430917 15.3204157267 15.7376844507
2.80011519124 -1.61664725943 0.0 -8.13313776498 -5.10111713742 -0.548390499288 5.92993276534 8.87006723466 12.2623019738 15.3483904993 15.7719529286
2.86841068371 -1.65607768039 0.0 -8.02911796728 -5.23645277729 -0.571385140094 5.9801273474 8.8198726526 12.2654726507 15.3713851401 15.8000980939
2.93670617618 -1.69550810135 0.0 -7.94033369902 -5.34966257522 -0.589335833872 6.02068604217 8.77931395783 12.267941056 15.3893358339 15.8220552183
3.00500166865 -1.73493852231 0.0 -7.87165130299 -5.43582855027 -0.602193058775 6.05054346348 8.74945653652 12.2697055205 15.4021930588 15.8377743328
3.07329716112 -1.77436894327 0.0 -7.82792085801 -5.49006383294 -0.60992150205 6.06883657338 8.73116342662 12.270764747 15.409921502 15.8472199439
3.14159265359 -1.81379936423 0.0 -7.81287083412 -5.50861791592 -0.6125 6.075 8.725 12.2711179159 15.4125 15.8503708341
3.18186948248 -1.74403785023 0.0 -7.81093290327 -5.50881213819 -0.617270512458 6.07714915485 8.72285084515 12.2749675231 15.4019714039 15.8600766269
3.22214631137 -1.67427633622 0.0 -7.80511636385 -5.50941586863 -0.631516942924 6.08359313344 8.71640686656 12.2864741102 15.3728182343 15.8867568308
3.26242314027 -1.60451482221 0.0 -7.79541300227 -5.51049254089 -0.655044813035 6.09432148364 8.70567851636 12.3055120558 15.3301453806 15.9252929198
3.30269996916 -1.5347533082 0.0 -7.78180921878 -5.51214867311 -0.687532749036 6.10931680401 8.69068319599 12.3318755333 15.2785829651 15.9710321425
3.34297679805 -1.46499179419 0.0 -7.76428616107 -5.51453501056 -0.728536447606 6.12855477209 8.67144522791 12.3652836047 15.2212921174 16.0207818971
3.38325362694 -1.39523028018 0.0 -7.74281990982 -5.51784801686 -0.777493921098 6.15200418382 8.64799581618 12.4053869369 15.1602441686 16.0725307423
3.42353045584 -1.32546876617 0.0 -7.7173817147 -5.52233158711 -0.833731785832 6.17962700418 8.62037299582 12.4517757764 15.0966633489 16.1250059623
3.46380728473 -1.25570725216 0.0 -7.68793827894 -5.52827879475 -0.896472380513 6.21137842884 8.58862157116 12.5039887829 15.0313339033 16.177366768
3.50408411362 -1.18594573815 0.0 -7.65445209031 -5.536033404 -0.964841578024 6.24720695688 8.55279304312 12.5615223157 14.9647803621 16.2290243945
3.54436094251 -1.11618422414 0.0 -7.61688179588 -5.54599078076 -1.0378772797 6.2870544743 8.5129455257 12.6238397955 14.8973697624 16.2795402984
3.5846377714 -1.04642271014 0.0 -7.57518261795 -5.55859771905 -1.11453874659 6.33085634828 8.46914365172 12.6903808132 14.8293701887 16.3285680817
3.6249146003 -0.976661196126 0.0 -7.52930680781 -5.57435057812 -1.19371710853 6.37854153202 8.42145846798 12.7605697219 14.7609851799 16.3758195926
3.66519142919 -0.906899682117 0.0 -7.47920413443 -5.59379101684 -1.27424757038 6.43003267997 8.36996732003 12.8338235174 14.6923745933 16.4210446109
3.70546825808 -0.837138168108 0.0 -7.42482240439 -5.61749855211 -1.35492396331 6.48524627331 8.31475372669 12.909558883 14.6236676683 16.4640183684
3.74574508697 -0.767376654099 0.0 -7.36610800983 -5.64607920545 -1.43451631394 6.54409275538 8.25590724462 12.987198335 14.554971467 16.5045337273
3.78602191586 -0.69761514009 0.0 -7.30300650079 -5.68014969447 -1.51179196295 6.60647667698 8.19352332302 13.0661754571 14.4863764936 16.5423962075
3.82629874476 -0.627853626081 0.0 -7.23546317839 -5.7203170273 -1.58554040474 6.67229685116 8.12770314884 13.1459392546 14.4179605462 16.5774208097
3.86657557365 -0.558092112072 0.0 -7.16342370544 -5.76715398585 -1.65460142013 6.74144651735 8.05855348265 13.2259576847 14.3497914282 16.6094299985
3.90685240254 -0.488330598063 0.0 -7.08683473118 -5.82117179368 -1.71789528351 6.81381351454 7.98618648546 13.3057204423 14.2819289094 16.6382524567
3.94712923143 -0.418569084054 0.0 -7.00564452667 -5.88279211551 -1.77445298415 6.8892804632 7.9107195368 13.3847410857 14.2144261789 16.6637223617
3.98740606033 -0.348807570045 0.0 -6.91980362806 -5.95232120693 -1.82344373298 6.96772495566 7.83227504434 13.462558595 14.1473309478 16.6856790251
4.02768288922 -0.279046056036 0.0 -6.82926548462 -6.02992927041 -1.86419678666 7.04901975467 7.75098024533 13.5387384485 14.080686303 16.7039667902
4.06795971811 -0.209284542027 0.0 -6.73398710902 -6.11563769795 -1.89621499081 7.13303299977 7.66696700023 13.6128733021 14.0145313822 16.7184351135
4.108236547 -0.139523028018 0.0 -6.6339297276 -6.20931588522 -1.91917843239 7.21962842116 7.58037157884 13.6845833444 13.9489019161 16.7289387848
4.14851337589 -0.069761514009 0.0 -6.52905942834 -6.31068789633 -1.93293798805 7.30866556076 7.49133443924 13.7535163953 13.8838306697 16.7353382477
4.18879020479 0.0 0.0 -6.41934780507 -6.41934780507 -1.9375 7.4 7.4 13.8193478051 13.8193478051 16.7375
4.10975642734 0.0 0.0 -6.53254426948 -6.30697951569 -1.93317171271 7.30829921818 7.49170078182 13.7566803473 13.8806353879 16.7353797627
4.03072264989 0.0 0.0 -6.65169793621 -6.18991473066 -1.92035767168 7.21467278603 7.58532721397 13.6946304895 13.938395261 16.728944588
3.95168887244 0.0 0.0 -6.77619194124 -6.06814560917 -1.89936776147 7.11926689012 7.68073310988 13.6332209025 13.9923962966 16.7180881128
3.87265509499 0.0 0.0 -6.90537835212 -5.94167172227 -1.8705655923 7.02223049541 7.77776950459 13.5724726922 14.0424314656 16.7027115089
3.79362131754 0.0 0.0 -7.03859766819 -5.8105006093 -1.83434865131 6.92371511274 7.87628488726 13.5124055218 14.0883173686 16.6827240385
3.71458754009 0.0 0.0 -7.17519485563 -5.67464832893 -1.79113191053 6.82387456216 7.97612543784 13.4530377048 14.129893756 16.6580436343
3.63555376264 0.0 0.0 -7.31453175101 -5.53414000551 -1.74133506955 6.72286473285 8.07713526715 13.3943862727 14.1670230499 16.6285975035
3.5565199852 0.0 0.0 -7.45599605424 -5.38901037235 -1.6853732207 6.62084333966 8.17915666034 13.3364670156 14.1995898757 16.594322756
3.47748620775 0.0 0.0 -7.59900735692 -5.23930431363 -1.62365049745 6.5179696769 8.2820303231 13.2792944982 14.2275006112 16.5551670586
3.3984524303 0.0 0.0 -7.74302074468 -5.08507740753 -1.55655617222 6.41440436957 8.38559563043 13.2228820502 14.2506829577 16.5110893165
3.31941865285 0.0 0.0 -7.88752851314 -4.92639647313 -1.48446266721 6.31030912261 8.48969087739 13.1672417301 14.2690855364 16.462060387
3.2403848754 0.0 0.0 -8.03206048444 -4.76334012485 -1.40772499349 6.20584646838 8.59415353162 13.1123842609 14.2826775134 16.4080638285
3.16135109795 0.0 0.0 -8.17618333392 -4.5959993381 -1.32668121026 6.10117951293 8.69882048707 13.0583189378 14.2914482537 16.3490966908
3.0823173205 0.0 0.0 -8.31949925381 -4.42447803096 -1.24165357754 5.99647168127 8.80352831873 13.005053503 14.2954070056 16.2851703537
3.00328354305 0.0 0.0 -8.46164420398 -4.24889366724 -1.15295015247 5.89188646226 8.90811353774 12.9525939873 14.2945826152 16.2163114212
2.92424976561 0.0 0.0 -8.60228593415 -4.06937788671 -1.06086664417 5.78758715331 9.01241284669 12.9009445127 14.2890232711 16.1425626813
2.84521598816 0.0 0.0 -8.74112190841 -3.8860771696 -0.965688394973 5.68373660539 9.11626339461 12.8501070535 14.2787962779 16.0639841416
2.76618221071 0.0 0.0 -8.87787722191 -3.69915354277 -0.867692397015 5.58049696882 9.21950303118 12.8000811501 14.2639878575 15.9806541542
2.68714843326 0.0 0.0 -9.0123025682 -3.5087853362 -0.767149283234 5.47802944004 9.32197055996 12.7508635687 14.244702976 15.8926706429
2.60811465581 0.0 0.0 -9.14417229348 -3.31516799912 -0.664325254305 5.37649400992 9.42350599008 12.7024479024 14.2210651944 15.8001524501
2.52908087836 0.0 0.0 -9.27328255752 -3.11851498625 -0.559483918174 5.27604921398 9.52395078602 12.6548241023 14.1932165396 15.7032408201
2.45004710091 0.0 0.0 -9.3994496104 -2.91905872517 -0.452888029213 5.17685188486 9.62314811514 12.6079779344 14.1613173912 15.6021010392
2.37101332346 0.0 0.0 -9.52250818666 -2.71705167717 -0.344801120366 5.0790569074 9.7209430926 12.5618903492 14.1255463816 15.4969242533
2.29197954602 0.0 0.0 -9.64231001368 -2.51276750412 -0.235489025204 4.98281697685 9.81718302315 12.5165367588 14.0861003005 15.3879294837
2.21294576857 0.0 0.0 -9.75872242859 -2.3065023548 -0.125221288176 4.88828236045 9.91171763955 12.4718862115 14.0431939981 15.275365862
2.13391199112 0.0 0.0 -9.87162709632 -2.09857628394 -0.0142724611329 4.79560066276 10.0043993372 12.4279004618 13.9970602787 15.1595151009
2.05487821367 0.0 0.0 -9.98091882074 -1.88933481681 0.097076717156 4.70491659527 10.0950834047 12.3845329375 13.9479497709 15.040694212
1.97584443622 0.0 0.0 -10.0865044411 -1.67915067078 0.208538264136 4.61637175038 10.1836282496 12.3417276168 13.8961307645 14.9192584666
1.89681065877 0.0 0.0 -10.1883018062 -1.46842564274 0.319816027879 4.53010438035 10.2698956197 12.2994178499 13.8418889946 14.7956045766
1.81777688132 0.0 0.0 -10.2862388187 -1.25759266662 0.430604904993 4.44624918144 10.3537508186 12.2575251867 13.7855273569 14.6701740367
1.73874310387 0.0 0.0 -10.3802525439 -1.04711803885 0.540590218287 4.36493708358 10.4350629164 12.21595832 13.7273655294 14.5434565151
1.65970932642 0.0 0.0 -10.470288377 -0.837503799036 0.649447274676 4.28629504598 10.513704954 12.1746123258 13.6677394753 14.4159931003
1.58067554898 0.0 0.0 -10.5562992637 -0.629290239202 0.756841128304 4.21044585882 10.5895541412 12.1333684789 13.607000798 14.2883790977
1.50164177153 0.0 0.0 -10.6382449696 -0.423058494599 0.862426578114 4.13750795163 10.6624920484 12.0920950618 13.5455159136 14.1612659107
1.42260799408 0.0 0.0 -10.7160913959 -0.219433142388 0.965848433091 4.06759520827 10.7324047917 12.0506497633 13.4836650048 14.0353613371
1.34357421663 0.0 0.0 -10.7898099368 -0.0190846987053 1.06674208163 4.0008167892 10.7991832108 12.0088844644 13.4218407175 13.911427372
1.26454043918 0.0 0.0 -10.8593768769 0.177268140967 1.16473440345 3.937276961 10.862723039 11.9666534104 13.360446557 13.7902743651
1.18550666173 0.0 0.0 -10.9247728268 0.36885672995 1.25944506298 3.87707493356 10.9229250664 11.9238258737 13.2998949463 13.6727502139
1.10647288428 0.0 0.0 -10.9859821936 0.554861446818 1.35048822074 3.8203047052 10.9796952948 11.8803043004 13.2406049048 13.5597233209
1.02743910683 0.0 0.0 -11.0429926876 0.734411777189 1.43747469467 3.76705491589 11.0329450841 11.8360484039 13.1829993172 13.4520584947
0.948405329386 0.0 0.0 -11.0957948613 0.906587939814 1.52001459411 3.71740870886 11.0825912911 11.7911045481 13.127501767 13.3505860122
0.869371551937 0.0 0.0 -11.1443816817 1.07042457327 1.5977204365 3.67144360078 11.1285563992 11.745637991 13.0745329248 13.2560657561
0.790337774488 0.0 0.0 -11.1887481353 1.22491705764 1.67021073913 3.62923136068 11.1707686393 11.6999634044 13.0245064984 13.1691504358
0.711303997039 0.0 0.0 -11.2288908642 1.36903106242 1.7371140563 3.59083789799 11.209162102 11.654567253 12.9778247738 13.0903537187
0.63227021959 0.0 0.0 -11.2648078341 1.50171586056 1.79807340594 3.55632315954 11.2436768405 11.6101150847 12.9348738034 13.0200296795
0.553236442142 0.0 0.0 -11.296498034 1.62192179696 1.85275100109 3.52574103598 11.274258964 11.5674383468 12.8960183251 12.958368564
0.474202664693 0.0 0.0 -11.3239612069 1.72862202183 1.90083317138 3.49913927769 11.3008607223 11.5274989272 12.8615965286 12.9054105578
0.395168887244 0.0 0.0 -11.3471976121 1.82083818105 1.94203533129 3.47655942013 11.3234405799 11.4913341178 12.8319148102 12.8610751719
0.316135109795 0.0 0.0 -11.3662078191 1.89766921305 1.97610682807 3.45803671909 11.3419632809 11.4599884625 12.8072426849 12.8252006306
0.237101332346 0.0 0.0 -11.3809925323 1.9583217902 2.00283548574 3.44360009556 11.3563999044 11.434440811 12.7878080396 12.7975864059
0.158067554898 0.0 0.0 -11.3915524485 2.00214036464 2.02205165603 3.43327209062 11.3667279094 11.4155346789 12.773792915 12.7780328339
0.0790337774488 0.0 0.0 -11.397888145 2.02863436683 2.03363159434 3.42706883021 11.3729311698 11.4039184542 12.7653300003 12.7663737294
